ISS
1 25544U 98067A   22260.13820730  .00006433  00000+0  12008-3 0  9995
2 25544  51.6439 241.0402 0002538 262.5255 196.6840 15.50120741359443
SO-50
1 27607U 02058C   22259.50712305  .00001021  00000+0  15977-3 0  9995
2 27607  64.5563  23.2375 0081438 277.0183  82.1663 14.76242065 61816
AO-91(FOX-1B)
1 43017U 17073E   22259.67473122  .00003375  00000+0  25650-3 0  9993
2 43017  97.6606 150.1167 0245132 248.8629 108.6228 14.82005498260622
AO-92(FOX-1D)
1 43137U 18004AC  22259.19353077  .00011132  00000+0  37496-3 0  9995
2 43137  97.3617 333.5935 0008284  49.2974 310.8985 15.30891178260220
PO-101(DIWATA-2B)
1 43678U 18084H   22259.84517012  .00000637  00000+0  68151-4 0  9997
2 43678  97.9841  34.2538 0009739 352.3270   7.7809 14.92298863211482
RS-44
1 44909U 19096E   22259.50836755  .00000037  00000+0  96200-4 0  9990
2 44909  82.5252 169.7963 0218336 106.7231 255.7954 12.79714869127153
AO-27
1 22825U 93061C   22259.04369767  .00000066  00000+0  43500-4 0  9997
2 22825  98.8811 291.9702 0009126 142.3098 217.8725 14.30191184511103
XW-2A
1 40903U 15049E   22259.89915564  .00030453  00000+0  42049-3 0  9998
2 40903  97.1692 318.7353 0010084 135.5535 334.7730 15.57066653393479
XW-2B
1 40911U 15049N   22259.94506001  .00007808  00000+0  35933-3 0  9997
2 40911  97.4942 263.3227 0014105  43.7016  15.7516 15.20511056386759
XW-2D
1 40907U 15049J   22259.97336292  .00008025  00000+0  36786-3 0  9997
2 40907  97.4953 262.7813 0014317  40.8822 349.1638 15.20635307386876
XW-2F
1 40910U 15049M   22259.87837829  .00012442  00000+0  50870-3 0  9990
2 40910  97.4741 266.5910 0013386  23.9399  60.7125 15.24415500387100
AO-7
1 07530U 74089B   22259.87290676 -.00000028  00000+0  11050-3 0  9998
2 07530 101.9148 240.0612 0011869 226.1681 203.6728 12.53656938188921
CAS-4A
1 42761U 17034D   22259.95945619  .00004844  00000+0  28539-3 0  9992
2 42761  43.0166 186.8332 0008636 153.3798 295.3514 15.12546783290217
CAS-4B
1 42759U 17034B   22259.92781553  .00005263  00000+0  30968-3 0  9996
2 42759  43.0160 188.2860 0008378 150.4147 292.3557 15.12465757290203
CAS-3H(LilacSat-2)
1 40908U 15049K   22259.96742304  .00003746  00000+0  19658-3 0  9996
2 40908  97.5210 259.6875 0016699  63.1170 356.3445 15.16235428386350
FO-29
1 24278U 96046B   22259.90102238 -.00000018  00000+0  15532-4 0  9992
2 24278  98.5157 271.0048 0351031  46.1441 316.8143 13.53120214287976
EO-88
1 42017U 17008BX  22259.12601005  .00022536  00000+0  61975-3 0  9993
2 42017  97.2597 324.0411 0003050 277.9123  82.1776 15.37198111310999
PSAT-2(NO-104)
1 44354U 19036R   22259.39204045  .00096929 -44264-5  72860-3 0  9993
2 44354  28.5244 263.6869 0196997 282.4971  75.3658 15.49429689178750
CAS-6
1 44881U 19093C   22259.74130313  .00000672  00000+0  91737-4 0  9994
2 44881  97.8884 337.6243 0013647 247.9220 112.0553 14.81814971148291
TIANHE-1
1 48274U 21035A   22259.80163287  .00017025  00000+0  18965-3 0  9997
2 48274  41.4730  20.7668 0005924 325.7889 164.7800 15.62424052 79099
JO-97
1 43803U 18099AX  22259.62333467  .00002490  00000+0  21828-3 0  9997
2 43803  97.6117 324.3414 0013738 326.6864  33.3492 14.97478359206716
UVSQ-SAT
1 47438U 21006AB  22259.62334514  .00006749  00000+0  34846-3 0  9996
2 47438  97.4283 316.7728 0010462 324.8708  35.1834 15.16587384 91091
FO-99
1 43937U 19003F   22259.04742058  .00016259  00000+0  51551-3 0  9991
2 43937  97.1246 288.9567 0019717 183.4959 176.6150 15.32583056203847
NOAA-15
1 25338U 98030A   22259.83628869  .00000108  00000+0  63429-4 0  9997
2 25338  98.6390 288.1541 0010951  36.7973 323.3957 14.26170930266041
NOAA-18
1 28654U 05018A   22259.85097027  .00000166  00000+0  11333-3 0  9993
2 28654  98.9420 330.1860 0015221  75.1814 285.1043 14.12776375892888
NOAA-19
1 33591U 09005A   22259.86257263  .00000116  00000+0  87550-4 0  9990
2 33591  99.1413 295.8909 0012971 292.8278  67.1522 14.12609519701357
METEOR-M2
1 44387U 19038A   22259.86529212  .00000002  00000+0  20099-4 0  9997
2 44387  98.7316 219.9488 0001973  42.0507 318.0834 14.23719581166417
XW-3(HO-113)
1 50466U 21131B   22259.84731399  .00000237  00000+0  92006-4 0  9995
2 50466  98.5756 337.0380 0003858 223.8760 136.2121 14.38524846 38056
