ISS
1 25544U 98067A   22301.79835926  .00012247  00000+0  22610-3 0  9996
2 25544  51.6440  34.6746 0005956  14.2125 131.3348 15.49496963365904
SO-50
1 27607U 02058C   22301.30311920  .00001089  00000+0  16857-3 0  9991
2 27607  64.5541 255.2997 0081573 269.1889  89.9866 14.76357628 67980
PO-101(DIWATA-2B)
1 43678U 18084H   22301.81794065  .00001549  00000+0  15690-3 0  9999
2 43678  97.9902  76.8160 0009315 198.0456 162.0437 14.92426021217740
RS-44
1 44909U 19096E   22301.80440609  .00000009  00000+0 -75112-5 0  9990
2 44909  82.5187 141.7042 0217609   8.2146 352.2425 12.79716256132616
FO-29
1 24278U 96046B   22301.52939243 -.00000005  00000+0  33938-4 0  9998
2 24278  98.5147 306.8985 0349394 298.0786  58.5439 13.53123074293603
EO-88
1 42017U 17008BX  22301.14846777  .00028305  00000+0  72138-3 0  9993
2 42017  97.2529   5.6045 0005516 124.0221 236.1549 15.39490337317453
PSAT-2(NO-104)
1 44354U 19036R   22301.38872285  .00095969 -39964-5  58532-3 0  9991
2 44354  28.5215 326.2717 0168031  47.1384 314.3202 15.58657365185290
UVSQ-SAT
1 44881U 19093C   22301.80902775  .00000689  00000+0  93545-4 0  9995
2 44881  97.8845  19.0520 0016184 110.0308 250.2645 14.81891810154520
FO-99
1 43937U 19003F   22301.53110161  .00018216  00000+0  54836-3 0  9991
2 43937  97.1179 329.8924 0020015  42.4154 317.8632 15.34203441210355
XW-3(HO-113)
1 50466U 21131B   22301.85850847  .00000346  00000+0  12766-3 0  9999
2 50466  98.5718  18.9914 0005689 110.9891 249.1905 14.38558757 44090
CAS-3H(LilacSat-2)
1 40908U 15049K   22301.81482701  .00003431  00000+0  17873-3 0  9998
2 40908  97.5222 301.1830 0013078 275.9008 207.9802 15.16611939392695
